1370
1510
1070
1538
1093
823
533
5159
1268
2259
1380
1680
637
1115
2139
1451
2359
1649
1851
1346
1214
945
708
2126
1697
2294
3090
1199
2018
811
508
1676
2234
750
1125
1707
1915
4259
2820
3345
2512
1319
1458
4060
706
4179
2252
923
3084
1681
794
506
999
863
1676
2905
4481
1430
5409
956
1430
1388
1362
1035
1812
1170
1829
1897
1033
1004
714
2648
1776
701
2033
1886
3912
1116
1666
2209
2264
705
1717
1199
1598
1878
2040
975
1706
2663
3044
2824
2036
3527
671
3279
1083
723
1640
1377                                                                      
